Frequent 0-itemsets:
itemset (occurrence)
{} (990002)
Frequent 1-itemsets:
itemset (occurrence)
83 (32212)
294 (32247)
138 (35127)
2 (42927)
77 (43454)
64 (48262)
55 (65412)
148 (69922)
27 (72134)
4 (78097)
7 (86898)
218 (88598)
1 (197522)
11 (364065)
3 (450031)
6 (601374)
Frequent 2-itemsets:
itemset (occurrence)
83 6 (29983)
77 11 (30409)
77 6 (37654)
64 11 (30677)
64 6 (39697)
55 6 (38875)
148 218 (58823)
148 11 (55759)
148 3 (30330)
148 6 (64750)
27 7 (40235)
27 11 (46103)
27 3 (32027)
27 6 (59418)
4 3 (35438)
4 6 (45377)
7 11 (57074)
7 3 (38659)
7 6 (73610)
218 1 (32127)
218 11 (61656)
218 3 (38673)
218 6 (77675)
1 11 (91882)
1 3 (84660)
1 6 (132113)
11 3 (161286)
11 6 (324013)
3 6 (265180)
Frequent 3-itemsets:
itemset (occurrence)
77 11 6 (29830)
64 11 6 (29865)
148 218 11 (50098)
148 218 6 (56838)
148 11 6 (55230)
27 7 11 (30839)
27 7 6 (37397)
27 11 6 (44923)
7 11 6 (55835)
7 3 6 (32895)
218 1 6 (30182)
218 11 6 (60630)
218 3 6 (33978)
1 11 3 (40268)
1 11 6 (86092)
1 3 6 (57802)
11 3 6 (143682)
Frequent 4-itemsets:
itemset (occurrence)
148 218 11 6 (49866)
27 7 11 6 (30567)
1 11 3 6 (37743)
