Frequent 0-itemsets:
itemset (occurrence)
{} (990002)
Frequent 1-itemsets:
itemset (occurrence)
494 (7507)
777 (7556)
584 (7598)
934 (7621)
145 (7672)
281 (7673)
540 (7710)
521 (7826)
290 (7876)
762 (8071)
230 (8123)
259 (8150)
255 (8364)
662 (8448)
1644 (8606)
246 (8642)
644 (8673)
21 (8763)
86 (8800)
85 (8801)
46 (8827)
670 (8938)
916 (8989)
640 (9163)
993 (9231)
747 (9368)
321 (9559)
379 (9783)
229 (10034)
254 (10077)
28 (10111)
361 (10122)
667 (10616)
423 (10967)
32 (11069)
155 (11494)
378 (11508)
14 (11607)
364 (12167)
91 (12248)
25 (12668)
49 (12702)
512 (12921)
897 (14297)
504 (14546)
314 (14842)
56 (15752)
273 (17177)
737 (17645)
987 (17804)
135 (18313)
269 (18343)
87 (18484)
73 (18749)
438 (18910)
278 (20114)
303 (21246)
205 (21373)
215 (21592)
90 (22062)
69 (22631)
490 (23225)
446 (23270)
136 (23679)
40 (24082)
316 (27852)
83 (32212)
294 (32247)
138 (35127)
2 (42927)
77 (43454)
64 (48262)
55 (65412)
148 (69922)
27 (72134)
4 (78097)
7 (86898)
218 (88598)
1 (197522)
11 (364065)
3 (450031)
6 (601374)
Frequent 2-itemsets:
itemset (occurrence)
521 6 (7556)
762 6 (7746)
230 6 (7840)
259 6 (7870)
255 148 (7748)
255 218 (8073)
255 6 (8140)
662 136 (7442)
662 6 (7750)
1644 6 (8168)
644 6 (7781)
21 11 (7440)
21 6 (8379)
86 85 (7506)
86 7 (7696)
86 6 (8185)
85 7 (8472)
85 6 (8509)
46 11 (7436)
46 6 (8389)
670 6 (8142)
916 11 (7521)
916 6 (8530)
640 6 (8053)
747 11 (7992)
747 6 (8992)
321 7 (8069)
321 6 (8665)
379 11 (8446)
379 6 (9413)
229 11 (8492)
229 6 (9677)
254 11 (8767)
254 6 (9744)
28 32 (9569)
28 27 (7513)
28 7 (9190)
28 11 (7756)
28 6 (9314)
361 11 (8687)
361 6 (9651)
667 11 (8421)
667 6 (9879)
423 11 (9661)
423 6 (10651)
32 27 (8068)
32 7 (9894)
32 11 (8363)
32 6 (10100)
155 11 (9893)
155 6 (11066)
378 11 (8520)
378 6 (10722)
14 11 (8321)
14 6 (10349)
364 11 (10372)
364 6 (11755)
25 148 (7869)
25 218 (8390)
25 11 (10756)
25 6 (12218)
49 27 (9695)
49 11 (10899)
49 6 (12209)
512 11 (11095)
512 6 (12413)
897 27 (10270)
897 7 (12748)
897 11 (10740)
897 6 (13068)
504 11 (10109)
504 6 (12555)
314 11 (10991)
314 6 (13281)
56 1 (7766)
56 11 (13483)
56 6 (15151)
273 218 (7506)
273 1 (7590)
273 11 (12555)
273 3 (7465)
273 6 (15270)
737 11 (12606)
737 3 (7716)
737 6 (15501)
987 148 (13316)
987 218 (10623)
987 1 (7568)
987 11 (13191)
987 3 (7744)
987 6 (16430)
135 218 (7439)
135 1 (8660)
135 11 (15819)
135 3 (7969)
135 6 (17689)
269 11 (11847)
269 3 (8104)
269 6 (15038)
87 27 (13491)
87 7 (16499)
87 11 (13836)
87 3 (8192)
87 6 (16874)
73 3 (8689)
73 6 (11502)
438 1 (8306)
438 11 (16620)
438 3 (8228)
438 6 (18380)
278 27 (10850)
278 7 (10785)
278 11 (12631)
278 3 (8907)
278 6 (16050)
303 148 (8498)
303 218 (9085)
303 1 (8860)
303 11 (15788)
303 3 (9193)
303 6 (18936)
205 27 (14511)
205 7 (14246)
205 11 (15855)
205 3 (9415)
205 6 (19482)
215 11 (15548)
215 3 (9613)
215 6 (18842)
90 148 (9616)
90 218 (10198)
90 1 (11087)
90 11 (19057)
90 3 (9382)
90 6 (21288)
69 1 (8021)
69 11 (17035)
69 3 (9968)
69 6 (20439)
490 11 (8160)
490 3 (10496)
490 6 (13512)
446 1 (8119)
446 11 (14981)
446 3 (10305)
446 6 (19240)
136 1 (9398)
136 11 (17215)
136 3 (10493)
136 6 (21189)
40 148 (7548)
40 218 (8282)
40 1 (9268)
40 11 (18029)
40 3 (10512)
40 6 (22264)
316 1 (8927)
316 11 (17837)
316 3 (12342)
316 6 (22466)
83 27 (12872)
83 7 (16171)
83 218 (8216)
83 1 (10659)
83 11 (24077)
83 3 (14138)
83 6 (29983)
294 11 (11412)
294 3 (15246)
294 6 (18949)
138 148 (7984)
138 218 (9149)
138 1 (12450)
138 11 (21566)
138 3 (15546)
138 6 (28750)
2 7 (7840)
2 1 (10708)
2 11 (20826)
2 3 (19438)
2 6 (29619)
77 148 (10354)
77 7 (8532)
77 218 (11457)
77 1 (14142)
77 11 (30409)
77 3 (19283)
77 6 (37654)
64 148 (10683)
64 7 (8498)
64 218 (11921)
64 1 (15390)
64 11 (30677)
64 3 (21175)
64 6 (39697)
55 1 (12963)
55 11 (24334)
55 3 (29663)
55 6 (38875)
148 27 (11964)
148 7 (14851)
148 218 (58823)
148 1 (28049)
148 11 (55759)
148 3 (30330)
148 6 (64750)
27 7 (40235)
27 218 (13436)
27 1 (19793)
27 11 (46103)
27 3 (32027)
27 6 (59418)
4 1 (14645)
4 11 (27433)
4 3 (35438)
4 6 (45377)
7 218 (16864)
7 1 (23817)
7 11 (57074)
7 3 (38659)
7 6 (73610)
218 1 (32127)
218 11 (61656)
218 3 (38673)
218 6 (77675)
1 11 (91882)
1 3 (84660)
1 6 (132113)
11 3 (161286)
11 6 (324013)
3 6 (265180)
Frequent 3-itemsets:
itemset (occurrence)
255 148 218 (7739)
255 148 6 (7640)
255 218 6 (7949)
86 85 7 (7470)
86 7 6 (7534)
85 7 6 (8286)
916 11 6 (7482)
747 11 6 (7948)
321 7 6 (7560)
379 11 6 (8415)
229 11 6 (8450)
254 11 6 (8729)
28 32 27 (7435)
28 32 7 (9102)
28 32 11 (7529)
28 32 6 (8955)
28 7 6 (8622)
28 11 6 (7680)
361 11 6 (8645)
667 11 6 (8354)
423 11 6 (9633)
32 27 7 (7692)
32 27 6 (7563)
32 7 11 (7810)
32 7 6 (9264)
32 11 6 (8273)
155 11 6 (9850)
378 11 6 (8438)
14 11 6 (8201)
364 11 6 (10330)
25 148 218 (7730)
25 148 6 (7795)
25 218 11 (7499)
25 218 6 (8303)
25 11 6 (10712)
49 27 11 (8547)
49 27 6 (9466)
49 11 6 (10857)
512 11 6 (11049)
897 27 7 (9740)
897 27 11 (8055)
897 27 6 (9644)
897 7 11 (9934)
897 7 6 (11942)
897 11 6 (10626)
504 11 6 (9918)
314 11 6 (10844)
56 1 6 (7628)
56 11 6 (13418)
273 11 6 (12363)
737 11 6 (12413)
987 148 218 (9388)
987 148 11 (11404)
987 148 6 (12993)
987 218 11 (8690)
987 218 6 (10349)
987 11 6 (13061)
135 1 11 (7862)
135 1 6 (8548)
135 11 6 (15747)
135 3 6 (7676)
269 11 6 (11558)
87 27 7 (12775)
87 27 11 (10610)
87 27 6 (12653)
87 7 11 (12800)
87 7 6 (15435)
87 11 6 (13696)
87 3 6 (7465)
438 1 11 (7620)
438 1 6 (8226)
438 11 6 (16564)
438 3 6 (7991)
278 27 7 (8604)
278 27 11 (8564)
278 27 6 (10076)
278 7 11 (8532)
278 7 6 (10026)
278 11 6 (12249)
303 148 218 (7841)
303 148 11 (7729)
303 148 6 (8354)
303 218 11 (7848)
303 218 6 (8895)
303 1 11 (7461)
303 1 6 (8462)
303 11 6 (15559)
303 3 6 (8189)
205 27 7 (11266)
205 27 11 (11405)
205 27 6 (13663)
205 7 11 (11199)
205 7 6 (13372)
205 11 6 (15673)
205 3 6 (8575)
215 11 6 (15309)
215 3 6 (8384)
90 148 218 (9187)
90 148 11 (9078)
90 148 6 (9522)
90 218 11 (9341)
90 218 6 (10093)
90 1 11 (10047)
90 1 6 (10923)
90 11 3 (8119)
90 11 6 (18979)
90 3 6 (9057)
69 1 6 (7646)
69 11 3 (7552)
69 11 6 (16824)
69 3 6 (9040)
446 1 6 (7444)
446 11 6 (14632)
446 3 6 (8538)
136 1 11 (7744)
136 1 6 (8904)
136 11 3 (7611)
136 11 6 (16962)
136 3 6 (9413)
40 218 6 (8136)
40 1 11 (7679)
40 1 6 (8912)
40 11 3 (7866)
40 11 6 (17862)
40 3 6 (9721)
316 1 6 (8134)
316 11 3 (7817)
316 11 6 (17311)
316 3 6 (9956)
83 27 7 (10960)
83 27 11 (10559)
83 27 6 (12712)
83 7 11 (12983)
83 7 6 (15964)
83 218 6 (8078)
83 1 11 (8810)
83 1 6 (10293)
83 11 3 (10578)
83 11 6 (23881)
83 3 6 (13167)
294 11 6 (10228)
294 3 6 (9187)
138 148 6 (7743)
138 218 6 (8818)
138 1 11 (9128)
138 1 6 (11193)
138 11 3 (9649)
138 11 6 (21008)
138 3 6 (12809)
2 1 6 (8769)
2 11 3 (9487)
2 11 6 (19624)
2 3 6 (13515)
77 148 218 (9330)
77 148 11 (9319)
77 148 6 (10178)
77 7 6 (8308)
77 218 11 (9740)
77 218 6 (11179)
77 1 11 (11434)
77 1 6 (13216)
77 11 3 (13482)
77 11 6 (29830)
77 3 6 (16731)
64 148 218 (9744)
64 148 11 (9482)
64 148 6 (10455)
64 7 6 (8158)
64 218 11 (10008)
64 218 6 (11586)
64 1 11 (11795)
64 1 6 (14001)
64 11 3 (13518)
64 11 6 (29865)
64 3 6 (17455)
55 1 6 (9088)
55 11 3 (11323)
55 11 6 (21940)
55 3 6 (17975)
148 27 7 (8346)
148 27 218 (10817)
148 27 11 (10802)
148 27 6 (11727)
148 7 218 (13366)
148 7 11 (13244)
148 7 6 (14585)
148 218 1 (25267)
148 218 11 (50098)
148 218 3 (25363)
148 218 6 (56838)
148 1 11 (24345)
148 1 3 (12165)
148 1 6 (27020)
148 11 3 (24207)
148 11 6 (55230)
148 3 6 (28097)
27 7 218 (9182)
27 7 1 (12352)
27 7 11 (30839)
27 7 3 (17830)
27 7 6 (37397)
27 218 11 (11606)
27 218 6 (13033)
27 1 11 (15077)
27 1 3 (8773)
27 1 6 (17828)
27 11 3 (20629)
27 11 6 (44923)
27 3 6 (26522)
4 1 6 (9805)
4 11 3 (12872)
4 11 6 (24408)
4 3 6 (21112)
7 218 1 (7930)
7 218 11 (14307)
7 218 3 (7445)
7 218 6 (16389)
7 1 11 (18220)
7 1 3 (10548)
7 1 6 (21733)
7 11 3 (25533)
7 11 6 (55835)
7 3 6 (32895)
218 1 11 (25790)
218 1 3 (13928)
218 1 6 (30182)
218 11 3 (26973)
218 11 6 (60630)
218 3 6 (33978)
1 11 3 (40268)
1 11 6 (86092)
1 3 6 (57802)
11 3 6 (143682)
Frequent 4-itemsets:
itemset (occurrence)
255 148 218 6 (7632)
28 32 7 6 (8541)
28 32 11 6 (7471)
32 7 11 6 (7745)
25 148 218 6 (7658)
25 218 11 6 (7488)
49 27 11 6 (8526)
897 27 7 11 (7674)
897 27 7 6 (9165)
897 27 11 6 (7989)
897 7 11 6 (9853)
987 148 218 11 (8149)
987 148 218 6 (9173)
987 148 11 6 (11368)
987 218 11 6 (8660)
135 1 11 6 (7848)
87 27 7 11 (10099)
87 27 7 6 (12028)
87 27 11 6 (10530)
87 7 11 6 (12704)
438 1 11 6 (7615)
278 27 7 6 (8078)
278 27 11 6 (8499)
278 7 11 6 (8461)
303 148 218 6 (7718)
303 148 11 6 (7711)
303 218 11 6 (7827)
205 27 7 11 (9001)
205 27 7 6 (10630)
205 27 11 6 (11323)
205 7 11 6 (11110)
90 148 218 11 (8684)
90 148 218 6 (9099)
90 148 11 6 (9066)
90 218 11 6 (9329)
90 1 11 6 (10027)
90 11 3 6 (8079)
69 11 3 6 (7456)
136 1 11 6 (7700)
136 11 3 6 (7494)
40 1 11 6 (7641)
40 11 3 6 (7782)
316 11 3 6 (7575)
83 27 7 11 (8965)
83 27 7 6 (10865)
83 27 11 6 (10546)
83 7 11 6 (12961)
83 1 11 6 (8782)
83 11 3 6 (10487)
138 1 11 6 (9028)
138 11 3 6 (9373)
2 11 3 6 (8934)
77 148 218 11 (8477)
77 148 218 6 (9209)
77 148 11 6 (9293)
77 218 11 6 (9707)
77 1 11 6 (11340)
77 11 3 6 (13198)
64 148 218 11 (8754)
64 148 218 6 (9597)
64 148 11 6 (9455)
64 218 11 6 (9973)
64 1 11 6 (11640)
64 11 3 6 (13146)
55 11 3 6 (10195)
148 27 7 218 (7611)
148 27 7 11 (7643)
148 27 7 6 (8259)
148 27 218 11 (9925)
148 27 218 6 (10684)
148 27 11 6 (10779)
148 7 218 11 (12071)
148 7 218 6 (13204)
148 7 11 6 (13216)
148 218 1 11 (22502)
148 218 1 3 (10885)
148 218 1 6 (24709)
148 218 11 3 (21630)
148 218 11 6 (49866)
148 218 3 6 (24526)
148 1 11 3 (10544)
148 1 11 6 (24242)
148 1 3 6 (11705)
148 11 3 6 (23969)
27 7 218 11 (8172)
27 7 218 6 (9048)
27 7 1 11 (10384)
27 7 1 6 (11895)
27 7 11 3 (13689)
27 7 11 6 (30567)
27 7 3 6 (16581)
27 218 11 6 (11562)
27 1 11 6 (14906)
27 1 3 6 (7920)
27 11 3 6 (20086)
4 11 3 6 (11494)
7 218 1 6 (7826)
7 218 11 6 (14267)
7 1 11 3 (8087)
7 1 11 6 (18035)
7 1 3 6 (9646)
7 11 3 6 (24971)
218 1 11 3 (11176)
218 1 11 6 (25608)
218 1 3 6 (13060)
218 11 3 6 (26501)
1 11 3 6 (37743)
Frequent 5-itemsets:
itemset (occurrence)
897 27 7 11 6 (7613)
987 148 218 11 6 (8124)
87 27 7 11 6 (10027)
205 27 7 11 6 (8932)
90 148 218 11 6 (8672)
83 27 7 11 6 (8956)
77 148 218 11 6 (8459)
64 148 218 11 6 (8737)
148 27 7 218 6 (7551)
148 27 7 11 6 (7632)
148 27 218 11 6 (9911)
148 7 218 11 6 (12057)
148 218 1 11 3 (9686)
148 218 1 11 6 (22444)
148 218 1 3 6 (10638)
148 218 11 3 6 (21528)
148 1 11 3 6 (10493)
27 7 218 11 6 (8159)
27 7 1 11 6 (10347)
27 7 11 3 6 (13574)
7 1 11 3 6 (8002)
218 1 11 3 6 (11091)
Frequent 6-itemsets:
itemset (occurrence)
148 218 1 11 3 6 (9657)
