Frequent 0-itemsets:
itemset (occurrence)
{} (990002)
Frequent 1-itemsets:
itemset (occurrence)
55 (65412)
148 (69922)
27 (72134)
4 (78097)
7 (86898)
218 (88598)
1 (197522)
11 (364065)
3 (450031)
6 (601374)
Frequent 2-itemsets:
itemset (occurrence)
148 218 (58823)
148 11 (55759)
148 6 (64750)
27 6 (59418)
7 11 (57074)
7 6 (73610)
218 11 (61656)
218 6 (77675)
1 11 (91882)
1 3 (84660)
1 6 (132113)
11 3 (161286)
11 6 (324013)
3 6 (265180)
Frequent 3-itemsets:
itemset (occurrence)
148 218 11 (50098)
148 218 6 (56838)
148 11 6 (55230)
7 11 6 (55835)
218 11 6 (60630)
1 11 6 (86092)
1 3 6 (57802)
11 3 6 (143682)
Frequent 4-itemsets:
itemset (occurrence)
148 218 11 6 (49866)
