Frequent 0-itemsets:
itemset (occurrence)
{} (990002)
Frequent 1-itemsets:
itemset (occurrence)
278 (20114)
303 (21246)
205 (21373)
215 (21592)
90 (22062)
69 (22631)
490 (23225)
446 (23270)
136 (23679)
40 (24082)
316 (27852)
83 (32212)
294 (32247)
138 (35127)
2 (42927)
77 (43454)
64 (48262)
55 (65412)
148 (69922)
27 (72134)
4 (78097)
7 (86898)
218 (88598)
1 (197522)
11 (364065)
3 (450031)
6 (601374)
Frequent 2-itemsets:
itemset (occurrence)
90 6 (21288)
69 6 (20439)
136 6 (21189)
40 6 (22264)
316 6 (22466)
83 11 (24077)
83 6 (29983)
138 11 (21566)
138 6 (28750)
2 11 (20826)
2 6 (29619)
77 11 (30409)
77 6 (37654)
64 11 (30677)
64 3 (21175)
64 6 (39697)
55 11 (24334)
55 3 (29663)
55 6 (38875)
148 218 (58823)
148 1 (28049)
148 11 (55759)
148 3 (30330)
148 6 (64750)
27 7 (40235)
27 11 (46103)
27 3 (32027)
27 6 (59418)
4 11 (27433)
4 3 (35438)
4 6 (45377)
7 1 (23817)
7 11 (57074)
7 3 (38659)
7 6 (73610)
218 1 (32127)
218 11 (61656)
218 3 (38673)
218 6 (77675)
1 11 (91882)
1 3 (84660)
1 6 (132113)
11 3 (161286)
11 6 (324013)
3 6 (265180)
Frequent 3-itemsets:
itemset (occurrence)
83 11 6 (23881)
138 11 6 (21008)
77 11 6 (29830)
64 11 6 (29865)
55 11 6 (21940)
148 218 1 (25267)
148 218 11 (50098)
148 218 3 (25363)
148 218 6 (56838)
148 1 11 (24345)
148 1 6 (27020)
148 11 3 (24207)
148 11 6 (55230)
148 3 6 (28097)
27 7 11 (30839)
27 7 6 (37397)
27 11 3 (20629)
27 11 6 (44923)
27 3 6 (26522)
4 11 6 (24408)
4 3 6 (21112)
7 1 6 (21733)
7 11 3 (25533)
7 11 6 (55835)
7 3 6 (32895)
218 1 11 (25790)
218 1 6 (30182)
218 11 3 (26973)
218 11 6 (60630)
218 3 6 (33978)
1 11 3 (40268)
1 11 6 (86092)
1 3 6 (57802)
11 3 6 (143682)
Frequent 4-itemsets:
itemset (occurrence)
148 218 1 11 (22502)
148 218 1 6 (24709)
148 218 11 3 (21630)
148 218 11 6 (49866)
148 218 3 6 (24526)
148 1 11 6 (24242)
148 11 3 6 (23969)
27 7 11 6 (30567)
27 11 3 6 (20086)
7 11 3 6 (24971)
218 1 11 6 (25608)
218 11 3 6 (26501)
1 11 3 6 (37743)
Frequent 5-itemsets:
itemset (occurrence)
148 218 1 11 6 (22444)
148 218 11 3 6 (21528)
