Frequent 0-itemsets:
itemset (occurrence)
{} (100000)
Frequent 1-itemsets:
itemset (occurrence)
842 (752)
518 (759)
187 (759)
938 (766)
533 (772)
544 (773)
690 (778)
298 (778)
212 (778)
633 (780)
252 (781)
215 (781)
241 (784)
406 (785)
256 (785)
759 (788)
505 (791)
762 (792)
595 (797)
732 (799)
345 (801)
456 (804)
304 (805)
318 (812)
18 (813)
590 (814)
474 (815)
114 (816)
689 (817)
943 (821)
622 (826)
80 (826)
723 (829)
642 (830)
801 (835)
659 (835)
830 (841)
95 (841)
712 (845)
314 (846)
464 (848)
969 (849)
831 (852)
839 (854)
585 (856)
203 (861)
447 (863)
879 (865)
858 (866)
626 (874)
415 (877)
158 (884)
347 (885)
268 (885)
705 (888)
481 (888)
66 (888)
629 (893)
980 (899)
352 (902)
44 (903)
745 (909)
624 (915)
118 (916)
224 (919)
193 (925)
640 (932)
388 (938)
855 (939)
108 (940)
785 (947)
507 (950)
838 (953)
742 (953)
568 (956)
558 (957)
355 (958)
329 (964)
484 (971)
417 (971)
96 (975)
277 (982)
432 (985)
160 (987)
922 (990)
395 (990)
7 (997)
608 (999)
912 (1009)
511 (1015)
428 (1021)
325 (1022)
266 (1022)
201 (1029)
823 (1031)
366 (1031)
928 (1034)
258 (1036)
429 (1037)
710 (1044)
546 (1050)
563 (1065)
490 (1066)
632 (1070)
336 (1071)
126 (1075)
173 (1080)
122 (1081)
468 (1089)
708 (1090)
790 (1094)
5 (1094)
171 (1097)
105 (1100)
628 (1102)
567 (1102)
361 (1104)
554 (1114)
992 (1116)
458 (1124)
941 (1126)
688 (1132)
157 (1140)
978 (1141)
733 (1141)
357 (1142)
394 (1145)
948 (1149)
378 (1149)
377 (1149)
322 (1154)
104 (1158)
414 (1160)
988 (1164)
900 (1165)
515 (1166)
111 (1171)
527 (1185)
600 (1192)
716 (1199)
517 (1201)
94 (1201)
550 (1203)
170 (1203)
207 (1214)
843 (1222)
348 (1226)
573 (1229)
197 (1230)
181 (1235)
718 (1238)
591 (1241)
859 (1242)
37 (1249)
899 (1252)
860 (1255)
422 (1255)
163 (1256)
819 (1257)
784 (1257)
309 (1262)
530 (1263)
810 (1267)
991 (1268)
701 (1283)
513 (1287)
125 (1287)
651 (1288)
989 (1289)
578 (1290)
649 (1292)
540 (1293)
504 (1296)
665 (1297)
574 (1297)
792 (1306)
804 (1315)
963 (1327)
678 (1329)
749 (1330)
58 (1330)
618 (1337)
576 (1337)
335 (1345)
946 (1350)
10 (1351)
41 (1353)
707 (1354)
815 (1358)
265 (1359)
448 (1370)
319 (1371)
834 (1373)
147 (1383)
583 (1389)
310 (1390)
4 (1394)
25 (1395)
240 (1399)
308 (1402)
423 (1412)
949 (1414)
234 (1416)
143 (1417)
496 (1428)
890 (1437)
906 (1444)
611 (1444)
500 (1444)
294 (1445)
154 (1447)
424 (1448)
162 (1450)
28 (1454)
33 (1460)
198 (1461)
950 (1463)
97 (1466)
736 (1470)
820 (1473)
846 (1480)
208 (1483)
326 (1488)
641 (1494)
686 (1495)
461 (1498)
469 (1502)
594 (1516)
964 (1518)
812 (1518)
995 (1521)
259 (1522)
630 (1523)
405 (1525)
185 (1529)
867 (1530)
534 (1531)
1 (1535)
168 (1538)
981 (1542)
516 (1544)
486 (1547)
129 (1547)
85 (1555)
639 (1572)
952 (1574)
521 (1582)
857 (1588)
572 (1589)
343 (1599)
68 (1601)
51 (1612)
769 (1622)
740 (1632)
673 (1635)
982 (1640)
351 (1641)
884 (1645)
605 (1652)
31 (1666)
580 (1667)
887 (1671)
814 (1672)
385 (1676)
17 (1683)
735 (1689)
275 (1692)
967 (1695)
910 (1695)
577 (1695)
765 (1705)
130 (1711)
43 (1721)
403 (1722)
45 (1728)
935 (1742)
100 (1749)
923 (1753)
984 (1756)
687 (1762)
975 (1764)
115 (1775)
932 (1786)
805 (1789)
290 (1793)
704 (1794)
110 (1801)
853 (1804)
227 (1818)
623 (1845)
427 (1856)
332 (1861)
763 (1862)
90 (1875)
658 (1881)
449 (1890)
214 (1893)
800 (1916)
706 (1923)
841 (1927)
897 (1935)
913 (1939)
440 (1943)
893 (1947)
55 (1959)
746 (1982)
52 (1983)
35 (1984)
192 (2004)
373 (2007)
210 (2009)
826 (2022)
349 (2041)
774 (2046)
878 (2047)
411 (2047)
832 (2062)
450 (2082)
970 (2086)
387 (2089)
196 (2096)
620 (2100)
280 (2108)
472 (2125)
738 (2129)
334 (2146)
6 (2149)
809 (2163)
579 (2164)
27 (2165)
204 (2174)
744 (2177)
73 (2179)
116 (2193)
296 (2210)
874 (2237)
803 (2237)
523 (2244)
229 (2281)
638 (2288)
780 (2306)
480 (2309)
161 (2320)
242 (2325)
663 (2354)
69 (2370)
788 (2386)
38 (2402)
70 (2411)
392 (2420)
921 (2425)
477 (2462)
78 (2471)
48 (2472)
276 (2479)
634 (2492)
778 (2514)
674 (2527)
752 (2578)
54 (2595)
285 (2600)
593 (2601)
151 (2611)
617 (2614)
236 (2618)
274 (2628)
653 (2634)
413 (2637)
132 (2641)
21 (2666)
606 (2668)
112 (2680)
797 (2684)
390 (2685)
140 (2687)
661 (2693)
998 (2713)
676 (2717)
522 (2725)
960 (2732)
239 (2742)
57 (2743)
782 (2767)
93 (2777)
561 (2783)
175 (2791)
631 (2793)
526 (2793)
944 (2794)
871 (2810)
844 (2814)
569 (2835)
548 (2843)
854 (2847)
694 (2847)
72 (2852)
758 (2860)
597 (2883)
471 (2894)
571 (2902)
581 (2943)
381 (2959)
675 (2976)
918 (3012)
279 (3014)
885 (3043)
509 (3044)
886 (3053)
793 (3063)
350 (3069)
825 (3085)
8 (3090)
798 (3103)
614 (3134)
487 (3135)
75 (3151)
598 (3219)
510 (3281)
795 (3361)
895 (3385)
12 (3415)
489 (3420)
346 (3470)
71 (3507)
205 (3605)
956 (3626)
862 (3649)
401 (3667)
888 (3686)
947 (3690)
919 (3710)
541 (3735)
775 (3771)
720 (3864)
183 (3883)
966 (3921)
538 (3982)
914 (4037)
283 (4082)
682 (4132)
470 (4137)
32 (4248)
39 (4258)
789 (4309)
362 (4388)
460 (4438)
438 (4511)
145 (4559)
177 (4629)
937 (4681)
883 (4902)
120 (4973)
692 (4993)
419 (5057)
494 (5102)
217 (5375)
684 (5408)
354 (5835)
722 (5845)
766 (6265)
829 (6810)
529 (7057)
368 (7828)
Frequent 2-itemsets:
itemset (occurrence)
969 458 (788)
969 208 (806)
969 290 (797)
969 888 (810)
626 496 (761)
458 208 (796)
458 290 (786)
458 888 (796)
515 33 (824)
515 346 (849)
515 283 (835)
515 217 (843)
819 765 (787)
819 70 (798)
819 684 (800)
678 471 (810)
33 346 (844)
33 283 (845)
33 217 (852)
208 290 (803)
208 888 (829)
995 534 (750)
995 470 (754)
534 470 (764)
765 70 (789)
765 684 (812)
935 192 (775)
923 947 (859)
290 888 (826)
704 825 (1102)
704 39 (1107)
853 623 (791)
853 571 (793)
853 795 (806)
227 390 (1049)
227 722 (995)
623 571 (783)
623 795 (805)
214 354 (775)
878 538 (767)
411 803 (826)
6 676 (769)
69 362 (757)
70 684 (860)
392 489 (866)
392 862 (881)
413 21 (756)
413 793 (766)
132 12 (785)
21 793 (765)
390 722 (1042)
960 471 (935)
57 937 (782)
782 598 (800)
782 529 (862)
72 541 (846)
571 795 (838)
675 886 (823)
825 39 (1187)
75 775 (787)
75 438 (772)
75 684 (797)
598 529 (943)
346 283 (910)
346 217 (1336)
283 217 (926)
682 368 (1193)
789 829 (1194)
438 684 (825)
692 368 (928)
494 368 (860)
829 368 (1194)
Frequent 3-itemsets:
itemset (occurrence)
969 458 208 (755)
969 458 888 (756)
969 208 290 (764)
969 208 888 (771)
969 290 888 (765)
458 208 290 (751)
458 208 888 (757)
458 290 888 (750)
515 33 346 (797)
515 33 283 (786)
515 33 217 (789)
515 346 283 (806)
515 346 217 (809)
515 283 217 (799)
33 346 283 (802)
33 346 217 (802)
33 283 217 (793)
208 290 888 (764)
704 825 39 (1035)
227 390 722 (907)
346 283 217 (827)
Frequent 4-itemsets:
itemset (occurrence)
515 33 346 283 (763)
515 33 346 217 (764)
515 33 283 217 (755)
515 346 283 217 (773)
33 346 283 217 (766)
